1	2	3	4	5	6	7	8	9	10	11	12
ALAD	0.107936979680398	0.0757532864493779	0.157181812624846	0.0361516052098072	0.118295954701587	0.050099685088737	0.236233603510459	0.0302800190228074	0.0307876679082325	0.0356754754439666	0.0524664522566106	0.0691374581031712
APTX	0.180415742618027	0.109019014604846	0.24491715408383	0.0209754219243992	0.0688803029025566	0.0702566983680562	0.168891450182633	0.0195836752522645	0.0210274524947844	0.0213673242295248	0.0300071507870781	0.0446586125519995
HSD11B1	0.0891990746286958	0.438229596716343	0.172802481803013	0.0197043686783131	0.0326372807102465	0.0685699589313814	0.0512840236752556	0.0213055743779438	0.0206395397194404	0.0186527361935559	0.0218580316594555	0.0451173329063558
IRX2	0.0634653673522492	0.0558741383429668	0.0752809034498245	0.0646525746888183	0.0529421906236309	0.0794602946666488	0.0649465741796476	0.052255867596639	0.0625449504334001	0.0795212187116231	0.211623175473388	0.137432744481164
KCNH2	0.153110410616619	0.0899663228214933	0.256284877646695	0.0170853842825686	0.0741946533323651	0.0429166223352971	0.260511087627287	0.0157240739418746	0.0162430066261387	0.0168233897574319	0.0226066896598727	0.0345334813523569
KIAA1147	0.113745448754188	0.0885478705258453	0.192372724630881	0.0372030030377829	0.0828600283842645	0.0659873585313493	0.158599213191407	0.0317709707150364	0.0333406116553688	0.0382726078475674	0.0651171906467518	0.0921829720795576
KIF5A	0.217028388037983	0.0855373135215986	0.138917837701038	0.0218031329577689	0.101079890206328	0.0775599259940341	0.226561268973294	0.0204106187137322	0.0228025218895004	0.0225534680766199	0.0290593479219005	0.0366862860062015
LOC101539242	0.0903674700800888	0.0522539251516206	0.0873524147913136	0.0226666991913262	0.205111082742156	0.0314793727256106	0.393514333039057	0.0198655748553599	0.0199461370226577	0.0214594392848601	0.0247967258526666	0.031186825263283
LOC101551169	0.23002184051283	0.0533393564764605	0.0519596755257407	0.0139113947527122	0.300080377903042	0.0468225408367096	0.231297185326476	0.0140195737400734	0.0156377174506443	0.0137446242091979	0.0133436078647635	0.0158221054013505
MOXD1	0.101179792987226	0.0946301437633889	0.203631686660715	0.0389439175089555	0.0652428238709588	0.0702737072928862	0.116992616623961	0.0335053325509738	0.0348489657229381	0.0403226721012671	0.0757562682181346	0.124672072698595
MPP3	0.206072293200262	0.102330420120549	0.218171079695817	0.0186360595921954	0.0735721268226118	0.0639046012072223	0.200161717773609	0.0175139434810383	0.018831002318758	0.0188724005808867	0.0253116701736567	0.0366226850333939
NOL3	0.572395590420912	0.0674068217897197	0.0780670333605549	0.00761763371374836	0.0502803149922566	0.0355474874647423	0.144821918401808	0.00761142968461999	0.00823376466431388	0.0075536976804577	0.00854568487258105	0.0119186229542851
PHLDB3	0.0632525162514528	0.0561981678089246	0.0895028231137832	0.067906739024474	0.0660387789959085	0.0527170215649973	0.0852060617277079	0.0497360258766574	0.0514193502869353	0.0731821421022501	0.185112956914363	0.159727416332546
PLEKHA2	0.300396907777543	0.0856523544180754	0.132988630076805	0.0150026789346885	0.0834130080955666	0.0609102208139215	0.232698118238409	0.0144450470857745	0.0158486276939437	0.015189042764264	0.0185313751629197	0.0249239889380899
PSRC1	0.0713026581015455	0.0575864686926672	0.0885123900215231	0.0726912192438864	0.0860859729638401	0.0564204513750027	0.103363210835515	0.0532642099190125	0.0565003724644558	0.0785126452971741	0.15524996664766	0.120510434437718
SYNE3	0.197127071790965	0.0859377676833042	0.130536983839399	0.026711407160629	0.105617741276087	0.0967902739862189	0.194626724701799	0.0248349462978718	0.0284363269127128	0.028225995011689	0.037113772227635	0.0440409891116891
TRPC3	0.100912210712906	0.0789746798699137	0.150596148885008	0.0463893971785255	0.0875606315366984	0.0665839482692917	0.144118436032268	0.0381200417297069	0.0403097903297057	0.0485378498475252	0.0886271046867854	0.109269760921666
VWA7	0.14174783852079	0.12509499038811	0.351382652079054	0.0190777298812939	0.0509810283896777	0.0619753924553725	0.118946622042261	0.0179683816337213	0.018795667176407	0.0191852948996176	0.0277339342358179	0.0471104682978766
ADAMTS17	0.0272179641728685	0.0312019546517006	0.0248501081659531	0.10088076714511	0.0259830289871796	0.0455236967586022	0.022933398363035	0.246518233027613	0.293392997079961	0.100262748621132	0.0420189513017625	0.0392161517250827
ADAMTS4	0.0195823548671232	0.0209052382166857	0.017597953257312	0.11964743938214	0.0236459354080097	0.024835450698292	0.0186502629780671	0.381471022026459	0.227448205708473	0.0913762914830325	0.0290277682300027	0.0258120777444043
CDCP1	0.00189393848452155	0.00206190206467889	0.00187750056486003	0.0391928028778087	0.00223244896045497	0.00240019640416933	0.00188145387022598	0.876799942539291	0.0391090524942281	0.0240778067580607	0.00479633719241137	0.0036766177892889
COL3A1	0.00739604416367118	0.00864258180132008	0.00769797776409829	0.101409170217564	0.00804487290766395	0.00952705977353319	0.00713833312018127	0.660466157713936	0.0908567558029495	0.0641158883002365	0.018405685759945	0.0162994726749011
COL9A2	0.00359452770024578	0.0038672853071255	0.00349146030500686	0.0615975700745878	0.00423761229672629	0.0046490862769498	0.00353645665639926	0.765208389357317	0.0913642340070901	0.0432083000756285	0.00866496453325255	0.00658011340967028
CX3CL1	0.00627575541528003	0.00667248940699515	0.00594424375050223	0.0816118224087916	0.00731149425946345	0.00843669849921519	0.00606007571847933	0.563585924532188	0.221252494793122	0.0678633208343459	0.0142453568960181	0.0107403234855989
DCN	0.00707666439597536	0.00824679210030866	0.00765301451954507	0.167721091824224	0.00797807195815101	0.00853677094298725	0.00712496973053079	0.600881743733411	0.0700334451150483	0.0763500643468392	0.0205937318248143	0.0178036395081651
DOT1L	0.00384736657153972	0.00426129132163893	0.00391711744741187	0.0845425026526684	0.00427203422018916	0.00515703272297303	0.00374876409233657	0.710007923775576	0.0942726569321544	0.0653810676491421	0.011955274512764	0.00863696810160592
DPYSL3	0.005011361348158	0.0055529918527739	0.00498740644884493	0.0804366332916114	0.00595855234206449	0.00612936240801639	0.00499459278391952	0.751569338098173	0.0695336983107896	0.0453313454528215	0.0111530040190384	0.00934171364378921
GINS3	0.0718974177982898	0.0968460693599994	0.0615306461422936	0.0839124874240498	0.0565656368871272	0.116878419850975	0.052396145057026	0.137062628995639	0.134150451840915	0.0768296628505165	0.0493726864505373	0.0625577473426311
GPR17	0.00531710544554525	0.00553377909404577	0.00518435641965136	0.152512198136483	0.00648467683103911	0.00677579678762018	0.00538058009272342	0.512592481190243	0.160522091989913	0.114104552176641	0.0153663174676591	0.0102260643684362
KIF21B	0.00448604115152096	0.00471807508392346	0.00437646946525142	0.114396333192972	0.00544824444787157	0.0056913471931494	0.00451883519013186	0.635191743551228	0.122379111969575	0.0781071613155319	0.0121810426040319	0.00850559483481243
LOC101537169	0.107014656263897	0.107795322467583	0.0724909673761918	0.0702163549905613	0.144137862325333	0.0825462944767458	0.0952112152609789	0.0916256408800389	0.0843006553979562	0.0592940594543172	0.0384106613647369	0.0469563097416603
LOC101548011	0.0187564251549255	0.0225682156870316	0.0190169596829269	0.131346962499809	0.0204100640873907	0.0232413891608553	0.0177693802281525	0.454306388228692	0.139998931538207	0.0867004513356183	0.0324799320634632	0.0334049003329282
LOC105943438	0.00696371632215008	0.00791037985635585	0.0069796522134595	0.0881462662422449	0.00798827594908576	0.00867852552296546	0.00680509099581443	0.69789035810436	0.087303520153863	0.0534075288025022	0.0148292130461989	0.0130974727910001
NEU4	0.00626214456647062	0.00653397778958142	0.00616229872041265	0.20530213866827	0.00791167243604775	0.00755720221782043	0.00648757423738038	0.499733381246494	0.116186155823347	0.108821067813264	0.0171100651556519	0.0119323213252608
NKIRAS2	0.00622056933101191	0.00705881175892073	0.00669193922086467	0.241436640246873	0.00732715207305467	0.00727431727383828	0.00643363087490467	0.539097054532745	0.0622116882075709	0.081797379844006	0.0190340779678345	0.0154167386683761
NRF1	0.00650215520162607	0.00720077881653677	0.00636851161252143	0.0838534830540211	0.00764297732110796	0.00812490681320587	0.00638087377325502	0.700082543364052	0.0961953665970327	0.0525757570841527	0.0135632209952824	0.0115094253672057
PODXL	0.0773476401533667	0.123629959406073	0.0829293185308135	0.0916849752156194	0.0717903829366915	0.0701357993454383	0.0684480362211733	0.12692460724256	0.0897589814984877	0.0706145636041298	0.0494560281642344	0.0772797076814125
SFN	0.03670884712088	0.0501203472148851	0.040069368033072	0.137063118436171	0.035551619121278	0.0445334083746789	0.0333627425021417	0.267889803125605	0.134122595612448	0.0984704821466603	0.0529392836408075	0.0691683846713728
SOX10	0.0513998011406789	0.0593457948558857	0.0447473863958006	0.118947415987584	0.0600344192369316	0.057137404503151	0.046997161649542	0.220610956313795	0.155875265330369	0.0909659868006405	0.0442134757621636	0.0497249320234579
SPARC	0.00727784046217522	0.00785695058293941	0.00720259551208758	0.142262096093348	0.00911371171320395	0.0085477794847613	0.00747077222774955	0.616535526326434	0.0926052223784027	0.0714879631996175	0.0164064856578693	0.0132330563614108
TDG	0.00370519664441132	0.00415104382121842	0.00369978876560861	0.0553248008568144	0.00422017210585716	0.00475898122470663	0.00360849269534588	0.806483038617738	0.0626170706169006	0.0355590943275345	0.00868022165732558	0.00719209866653901
ACBD4	0.21088381726125	0.0577028011380272	0.0803554387096166	0.00686582164350097	0.0675533178354772	0.0198021133703429	0.518984078947577	0.00674600526926105	0.00690817218648641	0.00653837840143573	0.0071950480527944	0.010465007184231
ACHE	0.0960599853594357	0.37538501560973	0.344967058178849	0.00965104780551662	0.0245613473956156	0.0365152213434681	0.0506443567753999	0.00985208699467732	0.00982672725522151	0.00926052306813443	0.0114355723606693	0.0218410578532824
ADAMTS13	0.0951028126419364	0.0341399076092826	0.0404474713143139	0.0126311886504571	0.475353236525479	0.0275732350941074	0.250771168294835	0.0120522128053026	0.0131243124489204	0.0123661571220081	0.012320154693733	0.0141181427996248
ADAMTSL2	0.184951681820594	0.0629043808612067	0.0672235592356259	0.0264307470544827	0.241096606558636	0.0903803112616504	0.186300854849645	0.0258562017076159	0.0310691783958768	0.0276387924335047	0.0275647573026361	0.0285829285185257
ADGRG3	0.1114033659012	0.106920148132145	0.549508191916966	0.00967234323741108	0.0332390579488088	0.029337439936195	0.0977720545249828	0.0092791051570183	0.00939571292889251	0.00939226327841276	0.0123744188463666	0.0217058981916004
ADORA2A	0.259475387004073	0.317997874589486	0.113175832754661	0.0129430515386165	0.0690353182130075	0.042008940904562	0.115722820883101	0.0139064341210694	0.0137118109762181	0.0119161978135387	0.0117461147797916	0.0183602164218751
ALDH3B1	0.0494016199145496	0.0213222915499524	0.02049858770293	0.00942424862607677	0.759552597952416	0.018428905759224	0.076229481351015	0.00948206446130224	0.0103165825247115	0.00900637235868132	0.0077290660415873	0.00860818175755398
ANKRD10	0.480056373722226	0.0621515358665983	0.0602646259889265	0.0112645618294142	0.1006323440879	0.0574014003154369	0.165856804880305	0.0114051392407031	0.0128570383060341	0.0113395322547864	0.0119059094234046	0.0148647340842649
ANP32E	0.0858256180154289	0.0336531931213821	0.041556091257407	0.0133747281736338	0.471791491662794	0.0264361600970452	0.26005326766741	0.0125790213704363	0.0135714595841183	0.0130420318770952	0.0131254909951158	0.0149914461781335
ANXA4	0.0654586630389986	0.0346056475607909	0.0529956867766376	0.0103064022535653	0.167804878943475	0.016772607851474	0.59944739562664	0.00952729435067972	0.00943206212881986	0.0095561885640167	0.0102695179501543	0.013823654954748
ARHGEF17	0.297443988125838	0.129128794514584	0.24921943500168	0.010636484978557	0.0492466987233386	0.0416070170289883	0.158303138263854	0.0104543494408848	0.0109205008212127	0.0104281298435898	0.0127158265410538	0.0198956367164184
ARRDC2	0.196562854200141	0.0853086562277454	0.0984675479327574	0.00919181057021171	0.0942502860184877	0.0231495273145073	0.443839141207603	0.00915956491976929	0.00910163770264269	0.00853586160450374	0.00898952168117398	0.0134435906204567
ATP5A1	0.114918994298831	0.0686205365584086	0.133663635727984	0.0289644864658434	0.137044814607558	0.046182879155752	0.304071159219425	0.0249507276019287	0.0258419087799577	0.0286222655721044	0.0384406635421755	0.0486779284700325
ATP5L	0.0597116489820124	0.029626784331996	0.0444694742769883	0.00843971212156412	0.151786519138136	0.0144953821339568	0.64823305718679	0.00785304030818669	0.00783530016582856	0.00786279414553696	0.00841676797135592	0.0112695192376483
BCL7C	0.148938789561593	0.0761768271933533	0.17582578105834	0.0179969776875093	0.0929646544009237	0.0423871145928908	0.337914409535211	0.0163983840297365	0.0171146409371759	0.0177924216619986	0.023378810566053	0.0331111887752148
CA2	0.404762380834705	0.0606396233047615	0.0730981462579368	0.00992774811854041	0.0908059687893863	0.0397066031579676	0.265467477408338	0.00979539029001407	0.0106932223863078	0.00986642263523691	0.0109104449278438	0.0143265718889616
CARD10	0.0542141701677899	0.0260282296239054	0.0238178339266877	0.0101600672468277	0.733189698959517	0.0184273358976652	0.0861949083408335	0.0103830470988428	0.0108012149707951	0.00941358894737285	0.0079733863448974	0.00939651847486557
CARD11	0.0697359803457698	0.0323412175419133	0.0389930052421226	0.0170709892276891	0.558338387659988	0.0272781360653609	0.173650698519751	0.0158010075107562	0.0170473132212608	0.0165769655549758	0.0159494636900976	0.017216835420314
CASQ2	0.0511447274236826	0.696739418649777	0.122316504861866	0.00812819619470281	0.0180259581889028	0.0232403574946484	0.0310248297202076	0.00865759676283849	0.00814258982169489	0.00746021836366369	0.0083605208137794	0.016759081704236
CBX7	0.475903367376173	0.0838569981160947	0.0827700639068988	0.00713446561629356	0.0614315985861659	0.0245793454235128	0.224948205793659	0.00721364191507523	0.00743403563587883	0.00680031176505387	0.00726977405397839	0.0106581918112158
CCDC64B	0.248666802879109	0.0671756479396036	0.0816163784426348	0.0191896133775413	0.158327615233546	0.0737990232749793	0.244386767347097	0.0185427961909449	0.0212908667784226	0.0197617201420954	0.0219018845528207	0.0253408838412053
CDKN2B	0.341019254136812	0.080791922738885	0.0780544636585069	0.018486293617117	0.100445699262993	0.137927112832738	0.137584541196328	0.018766451110382	0.0222509844883567	0.0193215598301112	0.0208236711969593	0.0245280459308111
CERCAM	0.380935358545817	0.0821037404142281	0.122098920165133	0.0084822742494464	0.0596475299472827	0.0302250928101847	0.267832384313546	0.00835155568343856	0.00873726014860193	0.00824459796049782	0.00946305146021593	0.0138782343016082
CHAT	0.0964347608177623	0.552914886627385	0.113893129365779	0.0136453680885219	0.0279600344690363	0.0684025841866186	0.0432545094269272	0.0150675185076995	0.0151647558381237	0.0130641483259738	0.0143549271795568	0.0258433771666163
CLMN	0.204787847646798	0.0674814100434585	0.0615305465883038	0.0263654390406796	0.238134647395914	0.111343452946527	0.151343445651123	0.0271548217077896	0.0331124761463883	0.0273308346590119	0.0250432127155893	0.0263718654584181
COL5A3	0.0978877352768957	0.0488936317937155	0.0711899477974899	0.0245051855460999	0.28383422003628	0.0375885052014376	0.311289349348056	0.0216916606462928	0.0229626886525705	0.0239802898175475	0.0264786501452695	0.0296981357383448
CREBL2	0.292687732931388	0.141544483340211	0.226625357595251	0.0132887816604255	0.0507760521457738	0.0642090054434799	0.128182954736581	0.0131215365984091	0.0140448342574899	0.0132995759998968	0.0166453700908613	0.0255743152002332
CROCC	0.606951921773487	0.112878936767259	0.0537913717213061	0.00839244463103429	0.0496402737668244	0.0491396519113436	0.0730528314819104	0.00907964975164296	0.00974808448237144	0.00812535842755831	0.00800042073190381	0.0111990545533584
CRTAC1	0.11537948579245	0.0401149452997608	0.0355575023359045	0.012121125658724	0.56343328715239	0.0307771101039307	0.142536621138745	0.0124796466492917	0.0134852689428584	0.0115788984875409	0.0103016176090127	0.0122344908293911
CTSS	0.0770177866746059	0.0378770813749628	0.0343928521918113	0.019667692109592	0.60218379140534	0.0349542184994652	0.101667967932835	0.0202720763157468	0.0221475153370378	0.0186453089572131	0.0149363432104436	0.0162373659909465
CYFIP1	0.302996317984996	0.065588393179449	0.0537693884525031	0.0132202847182073	0.25006900474212	0.046561538580705	0.19931437567454	0.0137516573618378	0.0149662766800418	0.0127849391380083	0.0120021118214872	0.0149757116661055
DBH	0.238699621830718	0.0592607478326835	0.0507359727114983	0.0144057435673307	0.323293885936706	0.0485206700338662	0.191048189438352	0.0149159515763828	0.0164555180757958	0.0140219866948023	0.0129855640290019	0.0156561482728616
DCLK3	0.268235270361497	0.395732109525274	0.1018997618306	0.0100089767413235	0.0467128925989454	0.0395245063326236	0.0825051230925063	0.0107691527073124	0.0108126266312439	0.00936017410913318	0.00948137251697842	0.0149580335525625
DERA	0.618698291781658	0.0592817809307698	0.0438259150987816	0.00834491779924701	0.0762603309736922	0.0444310363499343	0.103848501062433	0.00875989660931114	0.00969705778333864	0.0082237990878328	0.00812918475569857	0.0104992877673027
DPM3	0.0464251102743871	0.022061838548686	0.0214982331835694	0.0111805071594076	0.75278591734817	0.019093664445835	0.0744930176912599	0.0111748807665407	0.0120652183498693	0.0106031482183232	0.008886430054327	0.00973203395962475
DRD2	0.273426562525134	0.312748875323744	0.109728066287545	0.0126287562135428	0.0676929171664899	0.0424645224304329	0.113223746185396	0.0135824404710223	0.0134585957230248	0.0116622525994204	0.0115000582043265	0.017883206869921
DRD3	0.0449838614085065	0.774499994410907	0.0857417414426082	0.00548437603231307	0.0150587085078256	0.0155086458951298	0.02681214556759	0.00584020598468788	0.00550367663408758	0.00499992312898707	0.00539979399933183	0.0101669269880255
ECEL1	0.04734921926804	0.744706259715341	0.104537524080116	0.00602365616987727	0.0161392454887604	0.0166259934501366	0.0292343114066371	0.00637667537956065	0.00599315801588026	0.00549142164583441	0.00601030113639567	0.0115122342434206
EVA1C	0.147507860183614	0.0383978697456839	0.0523348390279995	0.00554753321239891	0.066098985571501	0.0155303457555534	0.644358842786495	0.00542311249686153	0.00559603487504174	0.00530062223077901	0.00577642169198094	0.00812753242209076
FAM163B	0.333263046159835	0.0708786949548361	0.0560028504551249	0.0154570239976232	0.213242416037564	0.0656815944552706	0.16450787273022	0.0162632538967719	0.0182523809581324	0.015210993790877	0.0141361425211389	0.0171037300426064
FAM189A2	0.169637309707257	0.0782962404107922	0.0579569789762092	0.0296863036743193	0.301739298371381	0.0864988003553938	0.128783168394703	0.03300476989084	0.0374870765160626	0.0286640666891186	0.0226759439715343	0.0255700430423895
FAU	0.0515022136401663	0.028772901396286	0.0341857428070431	0.0143230155743664	0.632168709257617	0.0185787208747876	0.154168122881254	0.0133497659901713	0.0133393823142566	0.0131129974272093	0.0121604444034965	0.0143379834333449
FBXO15	0.814714578825772	0.0361598085187138	0.0264848947776081	0.00384953966693893	0.0267566482329748	0.0231698590862018	0.0473523879934655	0.00401578108497082	0.00441700447397404	0.00380850285559219	0.0039499152359538	0.00532107924783389
FOXO4	0.189670095817756	0.357440303835931	0.260942309854117	0.00794969531351891	0.0304664497338286	0.0309634192375187	0.0749467066838677	0.00813055456001578	0.00819450062671732	0.00758110255199264	0.00875425861996006	0.0149606031647758
FZD5	0.150038385317951	0.0587038901172156	0.0490465559101283	0.0231823882998316	0.403272985853429	0.0655124495041528	0.134957692702616	0.0245757144666067	0.0281749853056951	0.0227304292898899	0.0189403255716542	0.0208641976608292
FZD7	0.0646939285955127	0.0313420520201693	0.0325634689495629	0.0095053592789512	0.615112507924472	0.0167219925028926	0.1842522499857	0.00939180049898916	0.00940427281326908	0.00870250669826288	0.00805012765133737	0.0102597330808809
GIGYF1	0.672793086124889	0.0520386932233177	0.0465309858768879	0.00689918778521142	0.0489943253431864	0.0403050521650002	0.0935297024561833	0.0070589886313899	0.00785772413278074	0.00690800445619781	0.00738024604948122	0.00970400375547469
GPC2	0.0547401999045928	0.0211712199433485	0.0305706137275317	0.00550009098051924	0.108736991543605	0.0114173936903308	0.739095297303183	0.00518399139090862	0.00534042029057729	0.00524057600660564	0.00564326608052034	0.00735993913827717
GPR182	0.0237817522730814	0.0110365969767376	0.0109309448268372	0.00485138596535046	0.87416635179313	0.00843759344324057	0.0438889819968232	0.00482649611936867	0.00509478620835913	0.00455366850443324	0.00393765752262061	0.00449378437001753
GPR88	0.314879165032656	0.218304570608054	0.0990214438812511	0.0140859259466712	0.0929938474316531	0.0459492964892284	0.140300600190833	0.0151589139429394	0.0151455793799311	0.0130112127992325	0.0125013189075642	0.0186481253899862
HAPLN2	0.190938195835633	0.0479390588709872	0.0474656742521977	0.00989312582391629	0.284779614566439	0.0275929386202423	0.34038332181284	0.00994066617428524	0.0105076989058801	0.00945334631098909	0.00925673317451453	0.0118496256520758
HAPLN4	0.645387056434412	0.0913384066348308	0.0526712931168691	0.00654288062283753	0.0490349941507662	0.0282656288598055	0.0911037758392756	0.00690137727995672	0.00721718564386505	0.00624696675672396	0.00628312969741948	0.00900730496323831
HCN3	0.0890584878021043	0.297440273501917	0.381266470379025	0.0120380884951206	0.0386859871537323	0.0255389490892804	0.0856368378139038	0.0121198244993115	0.0111790275560036	0.0108307659707989	0.0123017661810145	0.0239035215577881
IL17REL	0.20739186045589	0.0630716027172453	0.0632467949856667	0.0233020770132348	0.249387243782551	0.0882570445226387	0.181820552152996	0.0232880067494166	0.0277419124164878	0.0240678597717405	0.0233787906822214	0.0250462547499109
INADL	0.853041879309274	0.0295709360378861	0.0211341805327404	0.00286446630931355	0.0216681455640464	0.015089495250667	0.0407625102316365	0.00298686491832698	0.00323346434694293	0.00280277372356989	0.00288725664471271	0.00395802713088324
INSC	0.540823457713633	0.0578921734287331	0.06542981390616	0.00763505553078423	0.0634064885739318	0.0326313983706305	0.189186714794062	0.00761798422669273	0.00824800034566938	0.0075434090339166	0.00831350216073202	0.011272001915055
IQSEC3	0.722740941184903	0.0412826898604008	0.037956634720158	0.00481789494791266	0.0423700931681766	0.0218666869489819	0.10223324387853	0.00490490670118058	0.00529905780726523	0.00472540904540186	0.00500421621038821	0.00679822552670194
ISL1	0.229719905784532	0.439265388167898	0.0965724100676326	0.010712696373554	0.0463008425982796	0.0427074981523874	0.0756521675234153	0.011662374283312	0.01167747881179	0.00999144747358468	0.00997487821632817	0.0157629125472855
ITSN2	0.131058970333445	0.0740422908408702	0.202376126670283	0.0137847157871512	0.0769120278664898	0.030836426852014	0.389502409383248	0.0127132054904576	0.0128741214958315	0.0132829404361828	0.0168880296505272	0.0257287351934998
JADE2	0.343443609720977	0.058455871720903	0.0694163327650314	0.0110574017048573	0.116343254994436	0.0421963168349666	0.297929484917376	0.0108793129247937	0.0119543924478555	0.0110128895331948	0.012000643967626	0.015310488467983
KIAA0430	0.179434702136153	0.0669524714449214	0.0830206162537117	0.028165994789464	0.186413619327285	0.0878907778650763	0.212670220161614	0.0264897440344818	0.0313368954333509	0.0297487771973226	0.0331894790916135	0.0346867022650058
KIAA1456	0.209600825055951	0.0781777648603944	0.0581582187447298	0.0247892456840579	0.276044970444412	0.0906023820584868	0.136553755092081	0.0270970095959616	0.0311072650335977	0.0243068825105027	0.0203322872118717	0.023229393707953
KIAA1644	0.376970458497234	0.0651931413147118	0.0743215798854029	0.0129500138746476	0.112754285930247	0.0572279462932298	0.228139311684381	0.0128016110234948	0.0143545305619728	0.0130825761368757	0.014327956632986	0.0178765881648164
KIAA2012	0.188937644310062	0.103324788119104	0.260020227380366	0.0169950698871117	0.0675394353571741	0.0536738874792281	0.202392401912796	0.0159474685287547	0.0168354852048849	0.0169943607428673	0.0228083052759508	0.0345309258017006
KIF13A	0.261064204806964	0.0723096051704671	0.0606312385756771	0.0219257210215657	0.211465917146684	0.108264676437199	0.148180479196443	0.02303469496796	0.0273951092414493	0.0223342415377728	0.0205034648165583	0.0228906470812603
KIF4A	0.149578073460261	0.0715783847684563	0.104113116348265	0.0346725416366136	0.148198020267408	0.0836617579284811	0.208094576700459	0.0310033098210768	0.0359163157575592	0.0369839412547906	0.0472726014841534	0.0489273605724763
KIF5B	0.200766300419554	0.0737410627206805	0.108241269174965	0.0231084720714106	0.132970207849075	0.0746441367576918	0.252790152200456	0.0215355912762454	0.0244109000237723	0.0239893486112994	0.0293922013445679	0.0344103575502826
KISS1	0.226635814087006	0.0766277928368075	0.0567467044621443	0.0202442364511686	0.297795936625817	0.0694048617279298	0.149952185323412	0.0218521588880595	0.0242582538643294	0.0195518569136055	0.0168514015274465	0.0200787972922741
KLHDC7A	0.134913317720978	0.0624867731063523	0.0515458089068651	0.0304512741770962	0.37215174067169	0.0746823229566852	0.124768052894595	0.0328473121364435	0.0381314461805019	0.0297873317222466	0.0233486092900594	0.0248860102364864
KMT2C	0.202327343193194	0.0924941893802955	0.0572883072580228	0.022216068253452	0.0794004510811408	0.347537414604499	0.0748219507179288	0.0253683934724744	0.0311657214536413	0.0229309121106004	0.0204684013546693	0.0239808471200816
LAMC3	0.77982186685923	0.0536748015634916	0.0435488920606485	0.00373729291451795	0.0226148496665233	0.018544958679091	0.0566972488889316	0.00383437312378953	0.00407583433927693	0.0036485198110174	0.00398705088746457	0.0058143112060181
LINGO3	0.600371215578723	0.135844896998146	0.0856401319149241	0.00604951410788923	0.0319644176815593	0.0286843561443149	0.0767197132388093	0.00626351410023439	0.00653360034318648	0.00583945662638626	0.00636765160841872	0.0097215316574092
LMNTD2	0.40084130792952	0.244113674815968	0.123731597587579	0.00807786664106253	0.0430854352634038	0.0316775203286853	0.102821535393185	0.00840197644966535	0.0085284547139929	0.00764688129837447	0.00817943666921596	0.0128943129093478
LOC101538233	0.425603003583637	0.0649535741863666	0.0845980416165034	0.0082773817548454	0.0677702985086697	0.0312803367756854	0.270675385450603	0.00816740423167817	0.00870723527514021	0.00811990885842193	0.00913299629549708	0.0127144334629523
LOC101538851	0.0312439591058595	0.0157300623126412	0.0159839627704313	0.00615378351794021	0.820895002355312	0.00992931533568483	0.0711538744558831	0.00608052153450972	0.00616578050924565	0.00564585840492739	0.00499460828217996	0.00602327141538544
LOC101540036	0.355367146615515	0.0597131274732171	0.053249213360299	0.0107233075341437	0.186892933846645	0.0382558287648468	0.239335096300645	0.0109684659695135	0.0118633855947914	0.0104006349570307	0.010207124856205	0.0130237347271482
LOC101540298	0.0323158379043009	0.0148536662087027	0.0157095481153093	0.00513618093287015	0.808842986714047	0.00902071588520275	0.0894492905047051	0.00503807478975075	0.00514014334710945	0.00475626854054965	0.00437460368153197	0.00536268337591959
LOC101543782	0.0700330239433946	0.0400065995179581	0.0396892615662578	0.0293871121784396	0.544153097319549	0.0363575972064803	0.109668152775904	0.0289198064848333	0.0308875044551616	0.0274498311524708	0.0213573575035541	0.0220906558959971
LOC101543787	0.0843304200273415	0.0539559566425868	0.0967049437745027	0.0100465742247684	0.0921659452098254	0.0180001632266247	0.591204360322196	0.00947757176034155	0.00915105511079855	0.00920495891519443	0.0102256742940672	0.0155323764917526
LOC101547131	0.0577181444547418	0.0206744192311234	0.0284608908390205	0.00347581191878863	0.0510340136707764	0.00818856610425386	0.811968943721727	0.00337206513743624	0.00341488400094845	0.00327115522390009	0.00349904793480941	0.00492205776247428
LOC101549754	0.0890307750855527	0.0618692280443207	0.107571319146822	0.0263167420392917	0.187509429030396	0.031477300310325	0.362082006976338	0.0229534166476067	0.0219416928763371	0.0240196314960091	0.027554460366569	0.0376739979804318
LOC101549847	0.157804368503619	0.0472557266019556	0.0446518974728812	0.0104742724306428	0.387156348397615	0.0270690977372156	0.27253529790031	0.0106015274665994	0.0111181580820198	0.00991491371472872	0.00942255166390956	0.0119958400285031
LOC101551999	0.0831317160935911	0.0634985180882983	0.077100047428241	0.0397856511115858	0.327230373366954	0.0353253021417215	0.201488502557192	0.0360317312983707	0.0327214469531071	0.0340193534877398	0.0308490684734424	0.0388182889997565
LOC101552046	0.0480872138739363	0.0195058665218404	0.0189180533584471	0.00789277756673758	0.774263383991823	0.0163626500344423	0.0767488009600627	0.0079225976473029	0.00860646642592357	0.00755896934662335	0.00663388865591016	0.00749933161695055
LOC101554018	0.0258488974641383	0.0132345103639835	0.0136888124864952	0.00646653610307151	0.847264648278272	0.00966209351150194	0.053918898084114	0.00631674810250298	0.00652822932067014	0.00599057951970031	0.00517565522222856	0.00590439154332132
LOC101555048	0.0623289010172075	0.0365227838218378	0.0391531062759479	0.014351723068921	0.59559880711392	0.0200843400381657	0.165417729339153	0.0139547720991568	0.0136031175389674	0.0128644514396744	0.0115750919238804	0.0145451763231678
LOC101557890	0.0845480922237836	0.054162764754327	0.0784184879581856	0.0346228630687669	0.292542554984604	0.0360020044710308	0.255837936464444	0.0296154722126116	0.0291730659937934	0.0320248890983769	0.0338617041634925	0.039190164606583
LOC105943305	0.046170088776217	0.0171513274481058	0.0182067863727098	0.00590323433241396	0.762117322621071	0.0124815417836976	0.10882242510632	0.00579355182937249	0.00617962527179817	0.00564345609141143	0.00529395685431837	0.00623668351256468
LRMP	0.0905017231425904	0.0316090228100664	0.0492093761469907	0.00777300658996762	0.101627098324941	0.0182841189620796	0.658891425586574	0.00729636257763258	0.00766050877162491	0.00755112867344769	0.00851175377071067	0.0110844746433744
LRRC10B	0.154209074100237	0.525158135356609	0.104919756299554	0.0105111445310543	0.0422276976059847	0.0344410949911692	0.0707750960052461	0.0113801993998015	0.0110727675999138	0.00964759060803112	0.00968880331885819	0.0159686401835415
LTBP2	0.397709519409542	0.214053684689115	0.0874037598254543	0.0114998693964147	0.0702321356170882	0.0452175018269045	0.111863216965654	0.0123951314285019	0.012636133394517	0.0107831936048485	0.0105464983968438	0.0156593554451163
LZTS2	0.653295071687864	0.100681116451191	0.0767160528634006	0.00569843292791446	0.0295159858851926	0.0296264841303435	0.0713903431420059	0.00586046842569495	0.00620786507350518	0.00556731120515924	0.00618149259802623	0.00925937560970234
MADCAM1	0.074572416255208	0.0449152064965206	0.0460685711639762	0.0391485314825944	0.464243430052911	0.0415005210686356	0.119625068569561	0.0375275557179508	0.0398947930668234	0.0364861753433515	0.0280000935366494	0.0280176372458175
MAOB	0.124000322131914	0.197229544990421	0.232790609864546	0.0210818735527174	0.0912586981181191	0.0346731925760312	0.186723103987373	0.0209800358989891	0.0188783023400335	0.0184271633830884	0.0194556749914516	0.034501478165316
MECP2	0.401231395973324	0.0754621763166908	0.0565096908283406	0.0147888809331069	0.156769196551962	0.0743598531660548	0.142293449028195	0.0156873685169202	0.0177251636239823	0.0146365027678409	0.0137384698614528	0.0167978524321303
MEIS2	0.725441074962164	0.061250068418045	0.0400016470726263	0.00499150596532349	0.0401409547827145	0.0219321824133394	0.0789671089006752	0.00522316299893259	0.00550780335213609	0.00479492530691477	0.0048683274411891	0.00688123838593907
MLKL	0.171680037206019	0.116568952372097	0.0923516321162778	0.0191042583928292	0.222923454289057	0.0381078514629307	0.244782921120065	0.0198322692888425	0.0190645235768228	0.0170895283660358	0.0158187730366954	0.0226757987723278
MLLT6	0.348686594180061	0.13320859141532	0.135413893138484	0.0150218552841251	0.0539485697742683	0.116637639327995	0.104863315684911	0.0152283722411218	0.017018485289821	0.015379753994996	0.0184528444252146	0.0261400852436834
MMP23B	0.0358762227775719	0.0195089073879562	0.02009249865687	0.00935885042582162	0.782227617456963	0.0132427722192328	0.0768001336294094	0.00915672811765322	0.00926326550484197	0.00854409333689724	0.00735134496670473	0.0085775655200781
MOCS1	0.551918919893714	0.156509186068941	0.0706959689325824	0.00781895563966885	0.0474509129899439	0.0348873276290982	0.0876495848860784	0.00831487427303509	0.00861252416927899	0.00743720719346415	0.00753481137352076	0.0111697269506743
NAT16	0.104411489720622	0.0693018510266594	0.148728657966396	0.0102877788135221	0.0758993766634203	0.0204045866995053	0.514101670849173	0.00975054242414228	0.00947149014806788	0.00951016980324151	0.0109164290593172	0.017215956825932
NEFH	0.103091959345365	0.105771408567886	0.232378784045966	0.0208424519833943	0.101500582018748	0.0300095914970335	0.292477215977141	0.0193118938195578	0.0176992370566353	0.0185433222900214	0.0214620413836922	0.0369115120145598
NIM1K	0.713546870879661	0.0636650311926787	0.0578672385090979	0.00459730884353211	0.0296023285431093	0.0205947242413569	0.0839295309776598	0.00468096761025767	0.00493718088404271	0.00446801904568919	0.00490843833054667	0.0072023609423677
NINL	0.456951663556339	0.0937209420722963	0.0610080692079143	0.0135643534492413	0.0683022095739934	0.143977927639798	0.0861105561592353	0.0146144127240233	0.0169099394057178	0.013764776074761	0.0137034698716822	0.0173716802649986
NKIRAS1	0.400323918499359	0.0801382346974468	0.115363729577975	0.00831329332705602	0.0591606242424365	0.0301150991972127	0.258953896304667	0.008198617421434	0.00859609975317983	0.0080878302928194	0.00924952171993785	0.0134991349664764
NPR1	0.158299339197195	0.100136521301466	0.0882524147772457	0.0171462835751084	0.231213449912776	0.0334480126615049	0.286408423048987	0.0175109867691604	0.0168723716629557	0.0153881605546773	0.0145292424342286	0.0207947941046959
NTRK1	0.0559942036428269	0.799721489330502	0.0527490795563468	0.00492459342752313	0.0133377500435039	0.0224424923420329	0.0219075154192248	0.00538827232711876	0.00537902319251729	0.00464854451716584	0.00494459291519461	0.00856244328604311
NUMA1	0.608823658763399	0.138868946868429	0.0623230765404086	0.00682966838550093	0.0392270126687993	0.033542241355592	0.072416986205415	0.00726539692358889	0.00759615813769114	0.0065430245466549	0.00668770083489832	0.00987612876962229
OTOF	0.320934024943716	0.215079453876284	0.101691756000449	0.0133049433799656	0.0897258804712145	0.0428721774293521	0.145780904826198	0.0142156784478259	0.0141841482686007	0.0122967458352665	0.0119581809025982	0.0179561056185298
P4HA3	0.173702709172562	0.0622936068691381	0.0682159780804046	0.0279236585717651	0.2430295783322	0.0888670507651635	0.18752708270728	0.0270453946233581	0.0325517255948102	0.0293074322782516	0.0294578619638074	0.0300779210412598
PACSIN3	0.0706381066904153	0.0355265114726325	0.0431185745301235	0.0107966824962313	0.415404383991346	0.0179051009044488	0.353769350912281	0.0103363113645513	0.0102537656579848	0.00990163947544947	0.00970713105451825	0.0126424414500175
PAPSS2	0.158216303104155	0.0558918369068102	0.0693934231390508	0.0224294076844321	0.256876031635046	0.0590071331059326	0.258933306673821	0.021114323125255	0.0241388830450522	0.0229630291484634	0.0244919860718663	0.0265443363601148
PCSK1N	0.206360628913955	0.0569784399053373	0.0501744336793551	0.0117225973579587	0.332596690777047	0.0329845624905849	0.249495645422897	0.0120182706030836	0.0126795046927606	0.0111249017071256	0.010483053315616	0.0133812711342793
PDE1B	0.343537131704073	0.194488881572723	0.114403156547853	0.0108641380779365	0.0759830300127698	0.0343661974641856	0.167627514156898	0.011331593814641	0.0113051840742918	0.010093484793237	0.0102675366771024	0.0157321511042882
PENK	0.205715920578063	0.0893889486227929	0.064606393378734	0.0178752955469315	0.300410555870935	0.0459522468426113	0.187238143126995	0.0190604131846552	0.0195604913558418	0.0165320937366289	0.0146010713097032	0.0190584264461083
PFKL	0.115680774215424	0.0537037471066263	0.0752419848300475	0.0276036288053403	0.261651049409316	0.0487614488810243	0.273552341753126	0.0246232056585458	0.0271454369872127	0.0278624152259304	0.0310820915567721	0.0330918755706346
PID1	0.120175255008519	0.0342778284686929	0.0420298602229265	0.00841546701129542	0.211002843558275	0.0213889557107868	0.518682259033399	0.00814588604177674	0.00865592141915774	0.00814172335841252	0.00845137122553644	0.0106326289412224
PIK3AP1	0.337087495778378	0.0928418064330266	0.0617968220138055	0.0163349110868952	0.19146460105945	0.0637434322478351	0.152239887298146	0.017646033949965	0.0191131115616202	0.0156580770408796	0.0141162205364842	0.0179576009935139
PLEKHB1	0.0623209475627085	0.0233377640165503	0.0258526520061583	0.00893369400939456	0.671205134376488	0.0187119010838698	0.145317355267431	0.00864490575251014	0.00936875904821678	0.00865608591709326	0.0082400281077728	0.0094107728518067
PLEKHO2	0.29869404227446	0.0701378218093923	0.0551540619288783	0.0137725290683448	0.251969057871302	0.0476015613925967	0.191671606061696	0.0144319844720378	0.0156078458353158	0.0132423346227879	0.0122809813715808	0.0154361732916078
PML	0.184857218632049	0.109502092615676	0.124414370916745	0.0111870394315705	0.101500653696622	0.0260879188853156	0.382817035736168	0.0111666006344631	0.0109012211459831	0.0102682511924872	0.0107640930863657	0.0165335040265542
PPL	0.064966543018278	0.125247683576061	0.634017520442586	0.00779553359426727	0.0275876305815089	0.0167950152867304	0.0766242895751541	0.00759868029885667	0.00715884758908728	0.00713998955493338	0.00859785571941428	0.0164704107631223
PRDM12	0.12996185313869	0.0652688990130189	0.0431363058264031	0.0173444662925133	0.0508444155519525	0.542910480224859	0.0511842572975283	0.0196332385030057	0.0248540527891017	0.0183613445804986	0.0170024760826986	0.0194982106997308
PSTK	0.52937929986842	0.0818718800577608	0.0537233581508698	0.00990912894245679	0.10019511675145	0.042461463753748	0.129784609369062	0.0105161580249596	0.0112533962845612	0.00952271260230369	0.00914709771819507	0.0122357784762137
PTCHD2	0.41615029918529	0.0720633862916453	0.0662011997225483	0.0149214876653192	0.108383610903653	0.0941216755791735	0.144961551237408	0.0152601536260087	0.0177190449911129	0.0152825443068856	0.015862649966706	0.01907239652425
PTPN7	0.289060418339778	0.215208881172524	0.104058120750095	0.0148268614564707	0.101033827202141	0.0448145556498907	0.153107944117079	0.0158922460714701	0.0157380785330526	0.013615949866168	0.0130628694874415	0.0195802473538899
RAB27A	0.0660448614254289	0.0323444204516225	0.0366584189785604	0.0099075842623044	0.531619592008038	0.016848176006916	0.25847057219534	0.00960743568516529	0.00958163817571566	0.0090860826665126	0.00867710921443296	0.0111541089299634
RAB37	0.060018738711595	0.0753189405735433	0.728007208250778	0.00540922598696702	0.0200255302553327	0.0140324205615903	0.0635306246965373	0.00521883317832439	0.00511957932373216	0.00511361726042932	0.0064522767102827	0.0117530044908875
RAI1	0.543155091123024	0.0797665858923859	0.0973978805677881	0.0071907150197228	0.0460884603972444	0.0302242781198252	0.154691100766669	0.0071840716697236	0.00760379566740638	0.00703554388258703	0.00799508098435558	0.0116673959092679
RBM20	0.516176998771716	0.15318182605123	0.0702149580555577	0.00933758984970021	0.0606702883531208	0.0408615163421471	0.098857624358576	0.0100152446346233	0.010394634985593	0.00885747806646288	0.00873765325432743	0.0126941872769459
