1	2	3	4	5	6	7	8	9	10	11	12	13	14
AADAT	0.277579706111065	0.0349650175735251	0.0364085007326483	0.0620239489526443	0.0357568934513917	0.0863518855682827	0.0425902033160984	0.0680784131976877	0.112526853467586	0.0639820767785392	0.0526369495267278	0.0489647958028846	0.0420539963174408	0.036080759203478
ABCB11	0.141421827771817	0.019215920360973	0.0137456601563534	0.0887827081453543	0.0185253963445177	0.145900228817802	0.0159522160680557	0.075865606381575	0.37027959171268	0.0186816359169388	0.0472050509246842	0.0147728599125494	0.0144421332516687	0.0152091642350309
ABCD3	0.200175348427877	0.0267482996199572	0.0241579516894746	0.091874900798341	0.0359393752926302	0.10033884713488	0.0260605573437638	0.115924305342353	0.198189125066157	0.0411250026292806	0.0520309754362687	0.0288432228885865	0.0288936367427748	0.0296984515876559
ABHD14B	0.169825967736958	0.0329259290558239	0.0452439286660548	0.0556806572637652	0.0596859905797293	0.0610892520618513	0.0456179904981025	0.070566543095316	0.0800455531493357	0.13424664223143	0.0435478588395386	0.0721444537311256	0.0695663082167723	0.0598129248741967
ABHD17B	0.0165383450730394	0.0125466113462526	0.00760606464204774	0.208498924465875	0.0105151853556834	0.0375905013621719	0.00757831160241567	0.553138456278456	0.0747348524256897	0.00796881045676318	0.0407883917301282	0.00691597730243281	0.00733656275383707	0.00824300520520759
ABHD2	0.0626034181740839	0.020281070513101	0.0414298208358716	0.0218761914679245	0.0575849866800472	0.0252959763291589	0.0408555481934576	0.0242201490059874	0.0265473219971474	0.392592507845791	0.0201026826012961	0.0952949828979931	0.0972438377041415	0.0740715057539983
ABHD5	0.0687079671464364	0.0384231939922915	0.050054328090363	0.0786963506055171	0.0936547517296082	0.0553243194337742	0.0409080456185879	0.134780760122676	0.0770673564037471	0.0949696788079077	0.0527761649466486	0.060929394199865	0.0744239281687857	0.0792837607337918
ACADL	0.104277566752894	0.0346748254937754	0.0409898984627826	0.0854408977895456	0.0697183039056032	0.0674912078810408	0.0374867968511162	0.14453684132208	0.105392500733926	0.0860683531204084	0.0534882256118437	0.0529158253432305	0.0584376643653485	0.0590810923664045
ACADM	0.0651259001154386	0.0222026186145603	0.017435270297795	0.12811137611987	0.0232221975360414	0.0781677956130811	0.0177808763995301	0.285790201944701	0.22809357429053	0.0236873123802284	0.053392939006975	0.0186541691822702	0.0189153590993736	0.0194204093996043
ACADVL	0.0868666903432625	0.0394131094282317	0.056877094300151	0.0655814766373194	0.0600129306077173	0.0560475279445359	0.0488755981843198	0.101978096124449	0.078535019160784	0.12373117243107	0.0512417804787615	0.0832477714950348	0.082518223439758	0.0650735094246051
ACSM1	0.0244794274428396	0.0183805519545375	0.0516044311518427	0.0175109984172781	0.0733205785293879	0.0162920349749342	0.0336581300837906	0.0211257869978793	0.0175819363629446	0.255811849291151	0.0162444915248335	0.104591222526765	0.210720289425486	0.138678271316331
ACSM3	0.0956668884837719	0.0333448653685298	0.0505436319131441	0.0561428732687949	0.0766456225084828	0.0511384157983125	0.0444410293086172	0.0802596363975139	0.0682033875407811	0.158215518908272	0.0423841102160979	0.0793433327022146	0.0870989978310676	0.0765716897544001
ACTR1B	0.0505972445947835	0.0299602116174122	0.0266680998516862	0.112519653693193	0.0330723104549571	0.0585308851092132	0.0242913306927483	0.373500368013117	0.110437916923822	0.0346254297271486	0.0591134991353648	0.0280762922001829	0.0294135411227127	0.0291932168636591
ACTR8	0.0392664478961998	0.0159974727067154	0.0109172572148178	0.154919073001472	0.0142948569328918	0.0711481494161273	0.0114045684684212	0.302629575539572	0.285290912181721	0.013271831636193	0.0470335565109957	0.0109726897685388	0.0111216828025542	0.0117319259237795
ADD3	0.183276223290409	0.0332503922099455	0.0408517226324859	0.0666729829243229	0.0553156897387806	0.0705987431716697	0.041390539194179	0.0888983031149827	0.10174331171383	0.099829913765373	0.0484588148580667	0.0593126126886031	0.0580119704282077	0.0523887802691449
AFF1	0.229779312442079	0.0308976203225205	0.0306439339028411	0.0776615904304749	0.076611228870147	0.0931110053533178	0.0333586470182524	0.0788217248704939	0.111417704107371	0.0599625840824684	0.0494342552960421	0.0368680766115187	0.0408415207824128	0.0505907959100596
AGMAT	0.0498750471404414	0.0182649848683441	0.0378272054488272	0.0205846414186177	0.066636373787346	0.0224014545628605	0.0344986952922642	0.0235010952274227	0.0240481859138714	0.418460559179075	0.0183163001832352	0.0824521251500633	0.0996810683524312	0.0834522634752001
AGPAT5	0.194456120706057	0.0304272882821648	0.0433999270942405	0.0469000812271404	0.0657037619250332	0.0559589980602636	0.045715926016401	0.0542027485190805	0.0663094104212677	0.151874366550136	0.0380192630754528	0.0718595574422558	0.070873028364054	0.0642995223164524
AGXT2	0.166334499323967	0.0247490606867342	0.0188986375531116	0.0892920397983018	0.0219333120108108	0.127237444403788	0.021746734011306	0.0918150381322221	0.29563167832073	0.0261707540203864	0.0558648338737838	0.0210925282718548	0.0198152000651711	0.0194182395278321
AHSA2	0.0917857265664644	0.0255174988495178	0.0200022770223634	0.14811837984269	0.0374997902765646	0.105257649282159	0.020850384120962	0.181558412672859	0.212221660888875	0.0287794162741737	0.0577864663429774	0.021128727589254	0.0228154768058704	0.0266781334652701
AIG1	0.0568534601721517	0.0307622167944499	0.0560435511180461	0.0427704813317765	0.0970207577499606	0.0366755052513698	0.0430783189684683	0.0593893235507394	0.0449890191565028	0.187289842038694	0.034308469231544	0.0887027667861165	0.11689361361354	0.10522267423664
ALDH1A1	0.124442509128313	0.0217267431667323	0.015767928119053	0.0916750424858425	0.0185298081451118	0.127776553323473	0.0180886746005502	0.090788197890112	0.36758769344437	0.0209460997224086	0.0531564291328058	0.0171145187776595	0.0162347457658673	0.0161650562977007
ALDH8A1	0.243810538363968	0.0303653122893688	0.0354955395540205	0.0638100938952271	0.0549159925872997	0.0732382279168008	0.0374353538078144	0.0785631935253354	0.10214308497016	0.0861677476568257	0.0453054261943059	0.0500807538138268	0.050083947384306	0.0485847880407404
ALPL	0.193753125636814	0.0305190753172112	0.0462693526890374	0.039534485320964	0.0614492027394233	0.0511130929183834	0.052050048500014	0.0425202028451456	0.0549198248756794	0.170563552280809	0.0349302028697564	0.0818929366787818	0.0754221427398178	0.0650627545881632
AMACR	0.0975294030649475	0.0362034337776461	0.0549633346236	0.0572570231494595	0.061427023957258	0.053323220186874	0.0488642586683138	0.0820398780545013	0.0718480357515307	0.149250411344992	0.0456061421487064	0.0881306525147847	0.0863655566602883	0.0671916260970974
AMD1	0.0837900014359715	0.031190097165968	0.0462448749727115	0.0535935708363614	0.130803596450878	0.0478344708327412	0.0403884346726047	0.0712687653840453	0.0594552735075231	0.144404723985771	0.0389335141449777	0.0662137843974249	0.0855150941987886	0.100363798014234
AMMECR1L	0.0360500063812743	0.019066277168183	0.01278961469563	0.222237390770753	0.0207972966757341	0.0697560240335715	0.0129502540318996	0.348657616833943	0.14825102616546	0.0151161409223243	0.053483840703658	0.012271472643375	0.0132263898470434	0.0153466491271503
ANXA2	0.0364193512309601	0.0211073697334231	0.0557978070629652	0.0197308024232319	0.0393008699791536	0.0204026031190101	0.0441425054295795	0.0234922834153319	0.0223221104979238	0.327010412725485	0.0191975525536537	0.171677132946073	0.136669247254923	0.0627299516282856
AOX1	0.0429454876116467	0.0176621114480404	0.0127496859763658	0.156002465461245	0.0188551526887801	0.0680525128128358	0.0129837580637932	0.36901493896014	0.19719696618513	0.0161983089139541	0.0471273651956708	0.0129134306831389	0.0135178812086987	0.0147799347905604
APOC4	0.209850568454926	0.0320626318476161	0.0425206711479422	0.0541422076680941	0.0564746124265129	0.0634047312534066	0.0446949639733493	0.0653409659491845	0.0810375650625654	0.121660606015124	0.0427719730367995	0.0668370054682224	0.063482758852333	0.0557187388439237
AQP9	0.0501642200220231	0.0157108373775124	0.0105836909789853	0.110260334553917	0.0126528731489065	0.0883742358748673	0.0115952488038625	0.12786234229031	0.481667520115092	0.012956855649261	0.045907922428085	0.0108660765122024	0.0105997947302275	0.0107980475147481
ARCN1	0.147822504998123	0.0363823151689764	0.0316324464742953	0.0930435168085011	0.030435991713096	0.104400263000559	0.0347888316970901	0.118061661829378	0.189532432200123	0.0445450318996322	0.0692436324927114	0.0371941751764041	0.0333197993694855	0.0295973971716245
ARL5B	0.0203557538847079	0.0128163059343334	0.00774617507688295	0.189692923959841	0.00917732275017531	0.0482481602825273	0.00799755189651589	0.480184268344093	0.147635939012462	0.00826094679593279	0.0455258467496702	0.00728848992200624	0.00735460421781306	0.00771571117303941
ATF3	0.039406359417418	0.0341115486860581	0.0286101307182244	0.118134779755422	0.0338782455788809	0.0529412268657506	0.0249486915933573	0.395997455257382	0.0872584004661182	0.0317041819632155	0.0658902023409176	0.0275493479811155	0.0295400193775833	0.0300294099985566
ATF4	0.0365506786809277	0.0435292533030003	0.0323626647462408	0.144197827041267	0.0413348469196409	0.0567365096735816	0.027777532952758	0.329012046212235	0.0802362019606496	0.0309901308832604	0.0831985888522897	0.0280727668240985	0.0313416195877554	0.0346593323622948
ATP5A1	0.0816408666908957	0.0346304322867309	0.0373554253980212	0.100972733303362	0.0673213307841292	0.0673985653065251	0.0335586458289828	0.198368779734302	0.109083896191564	0.0654492611876512	0.0571373992920162	0.0438029663646061	0.0497297840953129	0.0535499135358994
AZI2	0.0426010001279897	0.0253459842051276	0.0214214321444117	0.119274349103822	0.0323672074154055	0.0538018592716087	0.019662811404574	0.434055992017457	0.0996893056951799	0.0276415288420907	0.0525368164918671	0.0217962737636252	0.0238823247345794	0.025923114782261
B3GALNT2	0.207680398898961	0.0212486787850115	0.0158630556237734	0.0854515465748553	0.0222961034775963	0.146811892312189	0.0185276284033618	0.0741265536945161	0.284442871686483	0.0225942495018218	0.0483391922708252	0.0174103844710836	0.0170819012693164	0.0181255430302057
BAG3	0.0487671863492664	0.0213399312277554	0.0162581320233131	0.125988395005729	0.019893421847319	0.0660904346291228	0.01630058233563	0.37765589417501	0.182970634253374	0.0205985696234068	0.0530563609230028	0.0169244574695405	0.0170236768334482	0.0171323233040825
BANP	0.0328655629989339	0.0263482118310448	0.0200059609718361	0.137663369274767	0.0305545388399137	0.0500370730043997	0.0181943733734352	0.458766388010984	0.0822588362888704	0.022510265412462	0.0573798101115362	0.0187542076786776	0.0209071971400451	0.0237542050630947
BCL2L1	0.074215062606588	0.0363629282181131	0.0387516901602671	0.102969128869158	0.091142204332632	0.0665319741296519	0.0343412655980014	0.177122205074391	0.0970781402735949	0.0649357029901182	0.0579553116725845	0.0432064552180249	0.0521567725342437	0.0632311583226303
BCO2	0.155271825220795	0.032002462565563	0.0382444872745947	0.0695868611363495	0.100571202407087	0.0697376929284168	0.0379916148676272	0.085202208156811	0.0899498442348788	0.0957451193818989	0.0461541696830479	0.0507127109614835	0.0587622166025539	0.0700675845788927
BPNT1	0.0587756353984387	0.0238471641347093	0.0142707967555511	0.117942685379441	0.0140222001270227	0.134167461329284	0.0163897414903733	0.10122406652415	0.387647964540643	0.0154584423587401	0.0762942421279239	0.0141020257105234	0.0131025850745061	0.0127549890486926
BRD2	0.021949371487838	0.0228661297469087	0.0149169146683017	0.130962295880596	0.0172833907880004	0.0397592347761343	0.0137790747661036	0.55711622256856	0.0662422066954608	0.0144734029296758	0.0586622491430007	0.0132274012309666	0.0139680119922215	0.0147940933262314
C1GALT1C1	0.101213745390204	0.0268090887356462	0.0233361069080832	0.114457724801135	0.0323553726952794	0.0870187340963063	0.0237727492390242	0.209011988680438	0.209201869230371	0.03568608386196	0.0564942718728669	0.026527321652093	0.0268854801409258	0.027229462695667
C5	0.0465147010558408	0.0227357379733047	0.0460485010930286	0.0279629541457809	0.107104314621916	0.026528009831114	0.036647385269438	0.0346534374214485	0.0300505871214564	0.270880634731859	0.023529670117375	0.0829224339197602	0.122760416296351	0.121661216401327
CA2	0.267031440935095	0.0299168159644254	0.041149346780267	0.0415242617619742	0.0605613895033938	0.0565436959713111	0.0478432738669795	0.0432016818372225	0.0597466214267503	0.128042880084364	0.0358793380766172	0.066408116342432	0.0629944912527639	0.0591566461964043
CA8	0.06347374083892	0.0331304653018111	0.0321634192796542	0.109432764900247	0.042704209054577	0.0638020782212075	0.0290185098701851	0.293363495413927	0.115352179746046	0.0463339320295595	0.0604088562829292	0.0355561483798783	0.0377824721171904	0.0374777285638673
CALCOCO2	0.0482013867957666	0.0318019351527213	0.0278736517197829	0.113109111267523	0.0320765637506656	0.0580076740035719	0.0251923531396072	0.372513276515894	0.106611722307727	0.0343380759339303	0.0625636092706928	0.0288144339637483	0.0298399737922496	0.0290562323861194
CAPN13	0.0732601024023244	0.0280159640194055	0.0571901150007048	0.0296202642557917	0.0472985799916818	0.0331892095741271	0.054717858669332	0.034547116136033	0.0368018736270422	0.269245309221545	0.0281021778560594	0.137449619793316	0.10649591732212	0.0640658921305165
CARD8	0.0626438719516163	0.0326245712185103	0.0660238228206319	0.0370088481170385	0.0521597703608404	0.0361682807543319	0.0542234236114177	0.0479542978992046	0.0431687325646302	0.211533130110374	0.0338764303223479	0.135199713050362	0.117412560365021	0.0700025468536737
CARS	0.0587349379196763	0.0374874367361572	0.0729319397283726	0.0440150598480566	0.0565351917528106	0.0393934643029281	0.0556492037632741	0.060796093044116	0.0485133361904315	0.167760672429294	0.0396231257302311	0.125930592169489	0.118413025540137	0.0742159208450252
CASC4	0.172824193637049	0.0269339787024306	0.0239296787535292	0.0963473791921059	0.0335527871791074	0.100045133643335	0.0256497912269952	0.128395996950407	0.21452547920633	0.0392807271154379	0.0538482119386527	0.0282905716128075	0.0280606829087632	0.0283153879330485
CCDC77	0.0289491946771915	0.0235033632549391	0.0170193885922135	0.113486844965761	0.0182708639610014	0.0453500672062225	0.0159149178874728	0.526740869418155	0.0870190589224043	0.0180623255279242	0.0565465472505633	0.0162122659519883	0.0165159947479215	0.0164082976362416
CCNG1	0.0615175989343257	0.0401875356591461	0.0447902097484164	0.0970037366181082	0.101052596003565	0.0597959253155949	0.0373543930166468	0.167808606646594	0.0821675431738226	0.0684636736266165	0.059311919564288	0.0479310403064392	0.0597569108618796	0.0728583105245575
CCNH	0.08918959852646	0.0309515142973201	0.0302483059139261	0.111642359331204	0.0522845157305277	0.0748155440921663	0.0286844887143172	0.224016838346423	0.136721958296404	0.0505543319166819	0.0568890665624741	0.0348222038207619	0.0381216339165839	0.0410576405347494
CCNYL1	0.0381525404281594	0.0168375393927057	0.0122217157333112	0.133507816082425	0.0162665001713931	0.0590781404615493	0.012353976989011	0.434757767995097	0.178031895826607	0.0152280343847741	0.0450033115819037	0.0124233761615201	0.0127486970622946	0.0133886877292491
CCT6A	0.0729628089380503	0.0170883474900816	0.011732631073224	0.0929497638512276	0.0138911055302359	0.108999232884212	0.0132547851944999	0.0916527791259827	0.479890207042226	0.0148110428812228	0.0466627789158618	0.0123154926328157	0.0118331215026942	0.0119559029376653
CD8B	0.0596612069350731	0.0338047930412535	0.0330682711142468	0.113031803665771	0.0530153430235072	0.0621681760582666	0.0292056214860396	0.286118041580575	0.103810946053378	0.0477297297963379	0.0598417809505599	0.0355663450010934	0.0399973162685363	0.0429806250253618
CDC42BPA	0.298148414922012	0.0257164321152099	0.0240284203875911	0.0744800353433292	0.0360722154090337	0.0951710165999102	0.0267064536164302	0.084245018702292	0.156520520161636	0.0433131462965538	0.0467064953420796	0.0295797051484706	0.0292873053480971	0.0300248206073548
CEBPG	0.0432056169499316	0.0230643941144229	0.019109797468852	0.120551792335673	0.0290585264121355	0.054742364620825	0.0179364046943852	0.444549219879873	0.108790432168824	0.0251060231364047	0.0498495516768832	0.0196308102326782	0.0212947387675289	0.023110327541582
CHCHD3	0.191884208593666	0.0309311193931371	0.0381127244220018	0.0631156706375302	0.0800046830503296	0.0681100437134988	0.0387853308403261	0.0768923948082747	0.0886474403897969	0.103705718230924	0.0439549460305478	0.0536832283863813	0.0587463124936775	0.0634261790099086
CHMP4C	0.213819285834484	0.0298703812083482	0.0402358039085427	0.0463906503003837	0.0896185645189564	0.0581807328524398	0.0438870452327441	0.0491249874850221	0.0628107576860075	0.129335851619313	0.0370450940258075	0.0606398666893396	0.0658076564306514	0.0732333222079605
CHORDC1	0.0459392092158813	0.0116380303617383	0.00767713369375069	0.083047304291636	0.00978359685956759	0.0897688280696073	0.00864161819235686	0.0719856855812677	0.604032991304366	0.00952257890973479	0.0342587472516852	0.00786958242882906	0.00773199726278833	0.00810269657679056
CIDEC	0.0649323450688408	0.0352318101253987	0.0459802989484019	0.0661915882621686	0.178100939711111	0.0507487761255175	0.0387243690151653	0.0894006726781105	0.0620665658963367	0.0917477742630445	0.0453719935171567	0.0538976326559845	0.0733396708015045	0.104265562931259
CLIP4	0.106663311984785	0.0270957729786611	0.0456055319583232	0.0320290909791846	0.111451561220529	0.0390275155174953	0.0486124728316835	0.0332369406346179	0.0389041248498365	0.215386238522262	0.0282888262189653	0.0782424001766621	0.0910038194022372	0.104452392724758
CNN3	0.146910555762223	0.037903904210992	0.0549809708355596	0.0515235371600998	0.048823416148705	0.0596096441901359	0.0574238387245727	0.0621315367381947	0.073114268256345	0.136779424688478	0.0459827023870393	0.0928547075245916	0.076063921500641	0.0558975718724226
CNP	0.0593473683813743	0.0391462561886916	0.0688796644960665	0.0525022986399684	0.0674938389679455	0.0430477218251785	0.051527061868619	0.0783720492081869	0.0551337725951924	0.145788677700455	0.0440750136493679	0.102680501170228	0.110868730929323	0.0811370443794021
COLCA2	0.0662008217718978	0.0384554810515291	0.0736878696307403	0.0429667290724609	0.050116271752669	0.0413236009442318	0.060712885686178	0.0564409515581689	0.0499647332179969	0.166944885234033	0.0402264531206418	0.135735294456727	0.110710904765882	0.0665131177368435
COPS4	0.108715793889127	0.0360056411356646	0.0368566430440359	0.0961792863808944	0.0416113738573592	0.0788210903566816	0.0358629185859365	0.170638112727362	0.143627671127964	0.0603242369649198	0.0625877732304834	0.0453199466485566	0.0439052257722213	0.0395442862787936
CPB2	0.19930775087554	0.0302551914678008	0.0313890647558743	0.0827484554138158	0.0659172421210057	0.0859898094973439	0.0326139425074418	0.101058491434273	0.125335318211503	0.0650054537586935	0.0499549824253218	0.0392986142883211	0.0427318096106573	0.0483938736324069
CRYL1	0.344178660307496	0.0285189223439367	0.032187876573879	0.0535953159568386	0.041247289919077	0.0717901971662611	0.0364671889287158	0.059823528768292	0.0925143170335984	0.0712602472413888	0.0417870578077966	0.0455378698726076	0.0422203228399428	0.0388712052401693
CRYM	0.14927417296321	0.0335187238915045	0.0384500543625852	0.0802817676041161	0.0554728480084654	0.0747977089479984	0.0377399901225074	0.120788152926065	0.119877099050578	0.0826835868081823	0.0528408859607221	0.0517431899028281	0.0526563045069917	0.0498755149442462
CRYZ	0.264321930888607	0.0269766655096944	0.0244721256450961	0.0778817479806297	0.0317167517079119	0.100410603694733	0.0273952230872901	0.0899671619899113	0.178832481108153	0.0412188840744515	0.0505526120777116	0.0298574534712116	0.0285275384975377	0.0278688202670612
CSRP2	0.0611589942751784	0.0168688618792047	0.0118702345429895	0.112139275066086	0.0150118818679366	0.0920917942253527	0.0129264649731513	0.137740954976722	0.441431700394102	0.0152234515497657	0.0462906891635974	0.0124118428570567	0.0122351620095695	0.0125986922192887
CSTF3	0.0174483942160613	0.0113842787264763	0.00680908494667695	0.199409751158278	0.0083046515268947	0.0425236291034057	0.00700481277157473	0.51735330519668	0.121840338255298	0.00721698883210373	0.0410013033151237	0.00635193811423816	0.00646821714279186	0.00688330669439738
CTH	0.229955686579887	0.0326895873151582	0.0396483686999584	0.0607245679669626	0.0491272713484252	0.0715102782239941	0.0422660801221378	0.0745640142915162	0.0975215607399762	0.0945631322593416	0.046764941387076	0.0583739087012704	0.054390375873204	0.0479002264910927
CTPS2	0.0744034888166308	0.0422350789182001	0.0567222289396096	0.0759842241515894	0.0603615005128238	0.0575857792752521	0.046944322897193	0.132051013380772	0.0833428297907737	0.0997713025447744	0.0571499815314919	0.0738382858970598	0.0762357026966193	0.0633742606472103
DDIT3	0.0439450613972008	0.0439339057460571	0.0394238570755294	0.119857335897682	0.0499921276705316	0.0569745100594561	0.0326362729622003	0.291340291734348	0.0834482704538283	0.042409857564316	0.0739897353337299	0.0368994108151097	0.0414336285676759	0.0437157347223346
DDT	0.19046342051919	0.0323090823149851	0.0359134662492405	0.0762909815316671	0.0496518651213688	0.0790946832264082	0.0368620628044727	0.104951961698356	0.125425109865172	0.0761419928443563	0.0515651489061123	0.0485091544410166	0.0478339786614493	0.0449870918162046
DDX20	0.139354346845341	0.0326044205579598	0.0320035517040167	0.0991855189937953	0.0833659965494983	0.0897678079731471	0.0324333908343913	0.118904429150765	0.125071655211125	0.0590629616333598	0.0552302702083166	0.0371472556707973	0.0425737364943058	0.0532946581731813
DECR1	0.065600825399116	0.0405667198286517	0.0591716939919304	0.0688733726989388	0.0756190787437757	0.0511869624710595	0.0463463488344838	0.115423697373816	0.0701478755217575	0.112583700959522	0.0516273693361027	0.0771214043142756	0.0880764566959695	0.0776544938306004
DEPTOR	0.0449739266185081	0.0329403584327436	0.0284982635930233	0.114011595394996	0.0322100694944737	0.0562694241683804	0.0254273514592319	0.379958385022055	0.099676486427862	0.0336552537288246	0.0643205425841926	0.0287941422299616	0.0299763054649166	0.0292878953808309
DHX58	0.0541157800700439	0.0520139817021417	0.0541718657785617	0.100045944688181	0.0479539380524862	0.0604181238473798	0.0439914695890401	0.203018129597332	0.0881243075596778	0.0589844725332076	0.0769788033539473	0.0548129113122411	0.0560151419881325	0.0493551299276271
DNAJB1	0.0218144075176084	0.0136351229180292	0.00979195598384889	0.0928635323965163	0.0117980208610572	0.034996735482935	0.00950077437462799	0.647448563324851	0.0816952932115731	0.0112268836085129	0.0356663217743645	0.00960564017474771	0.00985285829793031	0.0101038900733967
DNAJB4	0.0244662143752014	0.0180619450900749	0.0135192812402416	0.0972593637571167	0.0163173151508506	0.0371407973035644	0.0125867731341204	0.609386973780842	0.0726646998567211	0.0151449086146947	0.0426775749661022	0.0130622282897692	0.0136587348796502	0.0140531895610507
DNAJB6	0.140187798435544	0.0309658301069728	0.0316380917282655	0.0958978777044789	0.0530359231171971	0.0826824637719532	0.0314670591028456	0.149964254664125	0.146313887279607	0.0601065053127586	0.0544012559625793	0.0390658104366506	0.0412976820605635	0.0429755603164589
DNAJC10	0.442527452316536	0.0199800941267524	0.0162047941786224	0.0575168895318906	0.023020549779728	0.108973022906798	0.0195098812384639	0.0504699290445357	0.142217724466566	0.0250684338457069	0.038789600030964	0.0186547585022312	0.0180651667711239	0.0190017032600806
E2F6	0.105269999342102	0.027353053910074	0.0221354320496779	0.13915155565727	0.0441050021066092	0.10743080642276	0.0230791782850495	0.1644530423706	0.195113063458942	0.0330172204958557	0.0587333184901232	0.0236876949968016	0.0258168138792911	0.0306538185348435
EAF1	0.128117560748888	0.0322225788336406	0.0337786584375476	0.0944848942999223	0.0513207920370823	0.0790009284280778	0.0330179840136768	0.158057127267082	0.140635293536912	0.0638305839747009	0.0556043197743638	0.0422355245290922	0.0439422707282679	0.0437514833907463
EDRF1	0.051090130710895	0.0508907421513774	0.06396200086016	0.0845485884949323	0.0733197305492476	0.0527675786763293	0.0472833853661288	0.150463706706783	0.0700750511958082	0.0761910974357226	0.0647056857891099	0.0652678180436316	0.0762197669710099	0.0732147170488644
EIF2AK2	0.0406709318964609	0.0293428971385812	0.025133073452465	0.114495803508838	0.0327632528591281	0.0521380225494156	0.0223640405211658	0.423194776634004	0.0912572204075985	0.0302853186270121	0.0581080607532942	0.0250920914326363	0.0270948254396249	0.0280596847797756
ELOVL6	0.12832339209311	0.0267527511843359	0.0194374750193112	0.0956297725076815	0.0204971985228473	0.130982398208169	0.0224091384627317	0.0979175339204682	0.310302949733976	0.0249637165620378	0.0634687889767747	0.0211361174883182	0.0195018662060989	0.01867690111414
ETFDH	0.0883658995384155	0.0381217228521894	0.0499875567154258	0.0761737786412117	0.0645926151423695	0.0603091759659387	0.043346896356461	0.129683242768265	0.0896573789113117	0.103534935419875	0.053806010707242	0.0675554874034803	0.0715426134040642	0.0633226861737496
FAAH	0.107398925178606	0.0289951837430297	0.042578551963616	0.0447236797206959	0.152563830798012	0.0475230610088051	0.0413360533483301	0.0505207236468186	0.0526833487920733	0.150521816886873	0.034565527425824	0.0627671269637681	0.0795438360106903	0.104278334512858
FABP1	0.0383240442932496	0.0285766871366477	0.0622746286687536	0.0326272394877122	0.106164247120603	0.0276425337040789	0.0421578338004793	0.0428252135839226	0.0317297723134758	0.175851512945684	0.0281325581192662	0.0948189039374949	0.151192941696028	0.137681883192605
FAM133B	0.0246131178219359	0.0195913081877363	0.0142764174262744	0.102458053609271	0.0163078444991047	0.0386521801021774	0.0132949205006381	0.592080606221849	0.0742173366761553	0.0154033553473655	0.0471379751056194	0.013593846598988	0.0140739445449947	0.0142990933578895
FAM134B	0.0868949146561082	0.0195745207030986	0.0139894071748279	0.132133178311689	0.0222023606899149	0.123293966243616	0.0153617702041785	0.123226370876802	0.347609756936624	0.018907002163414	0.0503169259010456	0.0145904968812768	0.0150504218940302	0.016848907363375
FAM13A	0.053757146859188	0.0137901322662064	0.00929134906113236	0.0912691818017007	0.0115202115703174	0.0932811575544765	0.0103884584979936	0.0885977416093473	0.548275857073799	0.0116188900763509	0.0395238828258421	0.0096122660649407	0.00938615186922517	0.00968757286948008
FAM208A	0.0174454130344728	0.0143760441952147	0.00933352578038031	0.103136680208777	0.0102628981784823	0.0325242273366836	0.00903160644492513	0.659230551947614	0.0672105008689	0.00956932066264588	0.0414366714517678	0.00865765063867256	0.00880444918488408	0.00898046006657959
FAM46C	0.171705837052102	0.0309093110082179	0.0312728985867775	0.0885075959862907	0.0439834386573605	0.0864768305790051	0.0322082170371252	0.128707517721124	0.156068834623268	0.0584640528234634	0.0543944051870299	0.0395100513580967	0.0394074557474001	0.0383835536327394
FBXO45	0.0379067697603628	0.0214255531345591	0.0160731707078481	0.152880829066205	0.0268844361172132	0.0575732307380277	0.0154778186036826	0.437361866382703	0.110510881055347	0.0198730964363942	0.0509409171454356	0.0157646384741536	0.017343777083936	0.0199830152941313
FDX1	0.0627206179791762	0.0235477879159026	0.0452624157683844	0.0299695391356647	0.0761704839105732	0.0303114247553566	0.0392067429124012	0.0369743741337727	0.0349911411452079	0.310980403416967	0.025319403960546	0.0894036023982596	0.106877710998589	0.0882643515691991
FGFR1OP2	0.0842190021015458	0.0364176899032571	0.043545439827771	0.0877093779440614	0.0722423842987012	0.0631906957260297	0.0380748403125992	0.160827543486265	0.0970821702250937	0.0840035311307372	0.0551836781207182	0.054205990340023	0.0612739594374125	0.0620236971457851
FGGY	0.224149307109991	0.0328542541070849	0.0355989147484566	0.0713876637411298	0.0423465249978888	0.0823913912293995	0.0381633187963699	0.0908141074415546	0.126042150854125	0.0706692921011775	0.0520966676314247	0.0482537490326712	0.0449023336890376	0.040330324519689
FMO3	0.0747718812152142	0.0240313149896073	0.0479828653082234	0.0235991847287529	0.0761645598985744	0.0292779976697319	0.0526483424057914	0.0242073013191904	0.02827238127465	0.297660756818529	0.0225576703196401	0.099406640382068	0.104137861553675	0.0952812421163521
FOSB	0.0769843360001151	0.0347382225995902	0.0326020515850924	0.123232829910548	0.0808689208799583	0.0767543839229123	0.0304971467786522	0.191415853964509	0.113518959989473	0.0502572738942774	0.0613450242552244	0.0347081427093476	0.0410876542682665	0.051989199242034
FRMD5	0.0621096089758283	0.0392730444231377	0.0406993711872932	0.103358277417801	0.0476919242509099	0.0622710976833753	0.0351305642248396	0.248549780221675	0.102547662198198	0.0561575296019815	0.0652251491424701	0.0449345020843952	0.0473844785047104	0.0446670100833855
FZD5	0.0488193324192071	0.0343184497828465	0.0313220259757598	0.121194089690709	0.050099370521651	0.0585778724512161	0.0273190960960498	0.325117661256641	0.0935942231704964	0.0400931199505165	0.0623385916440355	0.0315057510128147	0.035874097100344	0.039826318927713
GAPVD1	0.0276955626907084	0.0136426563635919	0.00861587090957948	0.211201228626358	0.0114565095591404	0.0637947228801835	0.00901518291939814	0.336006306877508	0.2374826562045	0.009842683516596	0.0451900535466049	0.00831890158414134	0.00852073917302398	0.00921692514866563
GAREM	0.068365932111578	0.0314415954355495	0.0304071215836016	0.113128508201034	0.0481110869335885	0.0663853910265712	0.0278240278121885	0.280396060792817	0.119653282776708	0.0464218103516053	0.0578836366728641	0.033772437500359	0.0370585983450552	0.0391505104564802
GC	0.0605458579804784	0.0316340063565962	0.04414722132915	0.0528710517804099	0.228263326561531	0.0438627068456987	0.0374165957014899	0.0661621478226904	0.0508726282994734	0.0982202429937005	0.0382951278837324	0.0535857741521141	0.0759666481845816	0.118156664108354
GCH1	0.111618170093301	0.0256509660145481	0.0211375367296025	0.128679594391394	0.0379219766088487	0.103057870979056	0.0220920046620877	0.168888150478611	0.21735881670645	0.0322638953758886	0.0555495984696914	0.0231627001795798	0.0246683961404351	0.0279503231705065
GDA	0.197624660743896	0.0294562607606459	0.0286798581538691	0.090151492743485	0.0589160804334458	0.0938490701772948	0.0301803138684525	0.107452616478403	0.142731103047833	0.0546378727991977	0.0515561597826043	0.034632261116514	0.0373982909895997	0.0427339589047585
GDPD1	0.0394778022474187	0.0173260980149907	0.0128077271585951	0.138256568736368	0.0185045256268918	0.0593653779620224	0.0128339819905786	0.437970504604788	0.161019151307103	0.0162940620369985	0.0447669778418541	0.0130187271851777	0.0136337466714304	0.0147247486157838
GGT1	0.260623734300418	0.0294933340069756	0.0400424698789782	0.0427281689983238	0.0683509683302429	0.0571551634088444	0.0457388454145655	0.0444651593360552	0.0605501390132383	0.126530662019078	0.035883008710346	0.0628869808478934	0.0627363549257975	0.0628150108092441
GHITM	0.0801064880993458	0.0266786361847845	0.0201185863138069	0.119099073933727	0.0217950462683801	0.0962130515634641	0.0213928817306167	0.185972175277716	0.27601816892248	0.0256944664599471	0.0650361465901997	0.0215890373452746	0.0205651873889777	0.0197210539212802
GIGYF2	0.0291071931844682	0.020376388058582	0.0118771746889537	0.199489815485549	0.0123797688584091	0.0692625438541689	0.0123897316524446	0.336512356952496	0.188812155818234	0.0120649199477786	0.074877346790235	0.0110723541418695	0.0108479570453575	0.0109302935214545
GMPR	0.0290667099602345	0.0226604025796886	0.0524531795140405	0.0235862531995117	0.15366324326836	0.0208729553529984	0.0355648345914837	0.0284766397431405	0.0225112412937437	0.152692366604331	0.0209034592358671	0.0764469422084352	0.150699738625398	0.210402033822767
GOLT1B	0.0582665962458331	0.0272904995700887	0.0232296932161401	0.116597402627547	0.0281912597058967	0.0659937443869371	0.0223038346121795	0.348588307108828	0.144997478176458	0.0310345576762304	0.0582768184732997	0.0249823740987019	0.0253563968879806	0.0248910372138784
GP2	0.194184853236128	0.0304535576947178	0.0415929874170254	0.0516233097656464	0.0715154498378424	0.0592874729563754	0.0429446508049002	0.0611812488115462	0.0728562282497964	0.136664859229891	0.0397341453777198	0.0652663819952919	0.0674872665080426	0.0652075881150763
GPD1	0.115739126648954	0.0346185987806243	0.0528055957575054	0.0526363667860383	0.0590169597731872	0.0534962862731588	0.0496156093091709	0.0701307059190438	0.0696480334335968	0.160975272791188	0.0429934694504372	0.0893501165366525	0.0840773716634104	0.0648964868770323
GPD1L	0.191449756401315	0.0392257453964976	0.0489250874106196	0.0583607442041063	0.0436961065810489	0.0721152398126023	0.0541937253698975	0.0682401623406347	0.0905920589606811	0.09930633405478	0.0517176000721944	0.0737689444142268	0.0608160027613396	0.0475924922200564
GPD2	0.326464401000256	0.0224374735106327	0.0169305026780002	0.0675924753945929	0.0211237443558107	0.142393393111726	0.0206555651540825	0.0571281440344211	0.199305181921916	0.0239114862582326	0.0471159476535817	0.0189333772438533	0.0178473205532505	0.0181609871296436
GPHN	0.058489522737379	0.018903531279968	0.0127808381224656	0.11329139930874	0.0143660703300454	0.0974834550230829	0.0140565381453819	0.133693559536075	0.428988830725861	0.0154609895101722	0.0540719909278552	0.0131763733294729	0.012648988018594	0.0125879130049065
GSN	0.0587601516038844	0.0304269607882542	0.0620831514258947	0.0357804081858967	0.0567553283785307	0.0341301101311003	0.0496078213159737	0.047066683608974	0.0409590141178126	0.230269339098181	0.0318688128906276	0.125557547754462	0.121430220216257	0.0753044504841511
HADHB	0.0721764945618842	0.0390226243697285	0.0462174632118712	0.0905597155256091	0.0644831579286353	0.060992249327318	0.0391366805161505	0.181082835371275	0.0939476682640465	0.0779581815741734	0.0588062704789672	0.0553235750620383	0.0612728472389386	0.0590202365693648
HAO1	0.15905178473584	0.030121653540751	0.0423905909297469	0.050567307107074	0.0891742433557421	0.055703553756161	0.0424903237973065	0.0600298017258409	0.0670433031606018	0.149786696921898	0.0384348074888717	0.0659438486243712	0.0730940250218343	0.07616805983396
HEATR3	0.263233788584261	0.0311434462513079	0.0353155634561964	0.0630373726925063	0.0451109640588357	0.0763403121156349	0.0383100568681621	0.0762909627340003	0.107695575248203	0.0776904347432619	0.046996458958786	0.0496412211461659	0.0466682666946357	0.042525576448043
HELZ2	0.047908479504298	0.0635218098288336	0.060647309223707	0.103078358520021	0.0472120803728403	0.0598893954911872	0.0478716164248438	0.186534592696063	0.0809638102866929	0.0536381798022068	0.0887245510090852	0.0546683591110148	0.0557593807578706	0.0495820769713359
HERPUD1	0.0292404309722474	0.0232970769099601	0.0179147575968025	0.1081302549236	0.0213903380357843	0.0429982861336357	0.0163239487167085	0.536798652006829	0.078410419580525	0.019807924586598	0.0517806153910277	0.0171970837355019	0.0181210060079578	0.018589205402822
HEXIM1	0.0326197116290487	0.0159133831291116	0.0116569835231441	0.131931399838014	0.0170798211614263	0.0508981435809582	0.0115467976121246	0.508334631430078	0.126834624095937	0.0145077940810516	0.0411919121745236	0.0116718165532053	0.0123405066593856	0.0134724745319917
HMOX1	0.0367373001767401	0.0367843095076439	0.0293162028709182	0.125728744683905	0.0345183621125625	0.0528229300034585	0.0253526459211447	0.38785653686917	0.0825585322151662	0.030272385974289	0.0714519877880934	0.0270126540846506	0.02924134793769	0.0303460598545677
HSP90AA1	0.0389175750517677	0.0158169659346852	0.00909856166290337	0.107172352786805	0.00956666947102941	0.118193763407353	0.0104464559719604	0.077465414932005	0.521037214771094	0.00982103656128035	0.0568017804029458	0.00884713940534055	0.00838654565525408	0.00842852398557515
HSP90AB1	0.0332784267237509	0.0140827127216294	0.00903309069622385	0.166883792929407	0.0114850099013153	0.0735377136615074	0.00962075042649949	0.224367187895844	0.374164703496839	0.0105436665605245	0.0456933273081536	0.00890310480278114	0.00894937298308651	0.00945713989243704
HSPA4	0.0500442199810708	0.0137540338682055	0.00873032417975904	0.0821926198462785	0.00994622881841595	0.107141687675989	0.0100279234646809	0.0676533454817294	0.572474973726494	0.0103354679547065	0.0417499061534041	0.00887496192147947	0.00847834650964783	0.00859596041813838
HSPA8	0.0300071373959015	0.014512243828075	0.0100499735155067	0.152414395737388	0.0143339859105122	0.0533669284055035	0.0101694925318868	0.479670192005367	0.150699905211633	0.0121282783544578	0.0410130267670622	0.00992241102826132	0.0103790847390545	0.01133294456939
HSPB8	0.0594919086219473	0.0371817305241733	0.0372356473005754	0.106704955344969	0.0457306392012663	0.0616076122701478	0.0324339049765445	0.275604899746012	0.103778399275408	0.0508964756466878	0.06403139460823	0.0405061085710075	0.0430994451498218	0.0416968787632091
HSPH1	0.0320840329188157	0.0159824716792987	0.0107671668390562	0.144455918161731	0.012967635680785	0.0587884799774009	0.01105596130242	0.424286264011571	0.197085074046413	0.0124995771959967	0.0476640837449617	0.0106578749911937	0.0106992014813736	0.0110062579689833
IAH1	0.161879480635747	0.0338043831479239	0.0389026271976841	0.0771879222004734	0.0521366333551312	0.0756011136489382	0.0388277155276319	0.111801845491917	0.119497411238635	0.0835663563209257	0.05274485520591	0.0531730856726247	0.0525588825483789	0.0483176878080793
IDH2	0.126271878347977	0.03677768211164	0.0509339432551351	0.0618035510946228	0.0555302897023572	0.061412227925964	0.0485709326909666	0.0857972362619694	0.0848265156604033	0.127155785513131	0.0488775609680693	0.0791427462086256	0.0739288210738586	0.0589708291852798
IFI44L	0.0377490686905616	0.0197697751470137	0.0155479086691528	0.111120832701363	0.0199284154502047	0.0508389958262512	0.0149766780121641	0.497320257755753	0.117386203209203	0.0195208031011916	0.0464602203990312	0.0159578264257254	0.0165095643996293	0.0169134502127551
IFIT3	0.0335171336864753	0.0294679064080819	0.0232339958873973	0.117962032476284	0.0278156521301376	0.048281160284176	0.0206288388442241	0.461638118109814	0.0814400153849124	0.0251143528923451	0.0611761731097712	0.0219790935670415	0.0234963176859174	0.0242492095334216
IFRD1	0.0233336664474005	0.0180843781674024	0.0130257311065816	0.0996784993767907	0.0148327482337009	0.0372049219338222	0.0122388318740888	0.610999343237125	0.0736096559679965	0.0140919058106696	0.044658681003119	0.0124316911918764	0.012810910699301	0.0129990349501256
IL6ST	0.0335431351111445	0.0170265811235032	0.0123159087339812	0.149392562401795	0.019078460560918	0.054249158354389	0.0121821063072899	0.478403587093692	0.124666114994346	0.0151882559333292	0.0441065279224663	0.0121770163954814	0.0130505270255979	0.0146200580420665
INPP1	0.0608026771328703	0.0346442755058746	0.0543649484343742	0.0557165910694825	0.120420425608988	0.04385461132193	0.0424796597543453	0.0814496631164942	0.0553543379840246	0.132157353010247	0.0415044142568821	0.0728438532028901	0.097777393707917	0.10662979589368
INTS6	0.038915797555928	0.0229074205084604	0.0156231350696321	0.21858209855792	0.0271107506287744	0.0713903184069593	0.0155269528684172	0.333269728110257	0.127853691079199	0.0183061218938965	0.0600153055473905	0.0148047054439305	0.0162836122636212	0.0194103620656144
IP6K1	0.0202947674659443	0.0121771079412234	0.00750747884494897	0.231863232821509	0.010264781960651	0.047879280932309	0.0076999735970906	0.462967648060313	0.127634199822681	0.0082602000650377	0.0409352076445195	0.00705147648263134	0.00734813993961847	0.00811650442152282
